{
  "nbformat": 4,
  "nbformat_minor": 0,
  "metadata": {
    "colab": {
      "provenance": []
    },
    "kernelspec": {
      "name": "python3",
      "display_name": "Python 3"
    },
    "language_info": {
      "name": "python"
    }
  },
  "cells": [
    {
      "cell_type": "code",
      "execution_count": null,
      "metadata": {
        "colab": {
          "base_uri": "https://localhost:8080/",
          "height": 424
        },
        "id": "Powj_wZf32JE",
        "outputId": "8d437c39-be65-4d67-ce63-79afa481615f"
      },
      "outputs": [
        {
          "output_type": "execute_result",
          "data": {
            "text/plain": [
              "            Date  Sentiment        Open        High         Low       Close  \\\n",
              "0     29-01-2013   0.505748    2.540000    2.562667    2.475333    2.530000   \n",
              "1     30-01-2013   0.505748    2.523333    2.533333    2.495333    2.501333   \n",
              "2     31-01-2013   0.505748    2.524667    2.524667    2.462000    2.500667   \n",
              "3     01-02-2013   0.505748    2.544667    2.566667    2.508000    2.553333   \n",
              "4     04-02-2013   0.503098    2.560000    2.561333    2.506000    2.516000   \n",
              "...          ...        ...         ...         ...         ...         ...   \n",
              "2074  26-04-2021   0.701331  247.000000  249.766663  244.203339  246.066666   \n",
              "2075  27-04-2021   0.587037  239.320007  241.333328  234.449997  234.913330   \n",
              "2076  28-04-2021   0.291487  232.136673  236.166672  231.199997  231.466659   \n",
              "2077  29-04-2021   0.303710  233.169998  234.083328  222.833328  225.666672   \n",
              "2078  30-04-2021   0.440678  222.529999  238.490005  222.046661  236.479996   \n",
              "\n",
              "         Volume  \n",
              "0      21399000  \n",
              "1      14521500  \n",
              "2      13521000  \n",
              "3      16509000  \n",
              "4      16920000  \n",
              "...         ...  \n",
              "2074   93115500  \n",
              "2075   88311000  \n",
              "2076   66813000  \n",
              "2077   86536200  \n",
              "2078  122276100  \n",
              "\n",
              "[2079 rows x 7 columns]"
            ],
            "text/html": [
              "\n",
              "  <div id=\"df-cf3f4a4a-e681-42d0-a7aa-3104f1f07bca\" class=\"colab-df-container\">\n",
              "    <div>\n",
              "<style scoped>\n",
              "    .dataframe tbody tr th:only-of-type {\n",
              "        vertical-align: middle;\n",
              "    }\n",
              "\n",
              "    .dataframe tbody tr th {\n",
              "        vertical-align: top;\n",
              "    }\n",
              "\n",
              "    .dataframe thead th {\n",
              "        text-align: right;\n",
              "    }\n",
              "</style>\n",
              "<table border=\"1\" class=\"dataframe\">\n",
              "  <thead>\n",
              "    <tr style=\"text-align: right;\">\n",
              "      <th></th>\n",
              "      <th>Date</th>\n",
              "      <th>Sentiment</th>\n",
              "      <th>Open</th>\n",
              "      <th>High</th>\n",
              "      <th>Low</th>\n",
              "      <th>Close</th>\n",
              "      <th>Volume</th>\n",
              "    </tr>\n",
              "  </thead>\n",
              "  <tbody>\n",
              "    <tr>\n",
              "      <th>0</th>\n",
              "      <td>29-01-2013</td>\n",
              "      <td>0.505748</td>\n",
              "      <td>2.540000</td>\n",
              "      <td>2.562667</td>\n",
              "      <td>2.475333</td>\n",
              "      <td>2.530000</td>\n",
              "      <td>21399000</td>\n",
              "    </tr>\n",
              "    <tr>\n",
              "      <th>1</th>\n",
              "      <td>30-01-2013</td>\n",
              "      <td>0.505748</td>\n",
              "      <td>2.523333</td>\n",
              "      <td>2.533333</td>\n",
              "      <td>2.495333</td>\n",
              "      <td>2.501333</td>\n",
              "      <td>14521500</td>\n",
              "    </tr>\n",
              "    <tr>\n",
              "      <th>2</th>\n",
              "      <td>31-01-2013</td>\n",
              "      <td>0.505748</td>\n",
              "      <td>2.524667</td>\n",
              "      <td>2.524667</td>\n",
              "      <td>2.462000</td>\n",
              "      <td>2.500667</td>\n",
              "      <td>13521000</td>\n",
              "    </tr>\n",
              "    <tr>\n",
              "      <th>3</th>\n",
              "      <td>01-02-2013</td>\n",
              "      <td>0.505748</td>\n",
              "      <td>2.544667</td>\n",
              "      <td>2.566667</td>\n",
              "      <td>2.508000</td>\n",
              "      <td>2.553333</td>\n",
              "      <td>16509000</td>\n",
              "    </tr>\n",
              "    <tr>\n",
              "      <th>4</th>\n",
              "      <td>04-02-2013</td>\n",
              "      <td>0.503098</td>\n",
              "      <td>2.560000</td>\n",
              "      <td>2.561333</td>\n",
              "      <td>2.506000</td>\n",
              "      <td>2.516000</td>\n",
              "      <td>16920000</td>\n",
              "    </tr>\n",
              "    <tr>\n",
              "      <th>...</th>\n",
              "      <td>...</td>\n",
              "      <td>...</td>\n",
              "      <td>...</td>\n",
              "      <td>...</td>\n",
              "      <td>...</td>\n",
              "      <td>...</td>\n",
              "      <td>...</td>\n",
              "    </tr>\n",
              "    <tr>\n",
              "      <th>2074</th>\n",
              "      <td>26-04-2021</td>\n",
              "      <td>0.701331</td>\n",
              "      <td>247.000000</td>\n",
              "      <td>249.766663</td>\n",
              "      <td>244.203339</td>\n",
              "      <td>246.066666</td>\n",
              "      <td>93115500</td>\n",
              "    </tr>\n",
              "    <tr>\n",
              "      <th>2075</th>\n",
              "      <td>27-04-2021</td>\n",
              "      <td>0.587037</td>\n",
              "      <td>239.320007</td>\n",
              "      <td>241.333328</td>\n",
              "      <td>234.449997</td>\n",
              "      <td>234.913330</td>\n",
              "      <td>88311000</td>\n",
              "    </tr>\n",
              "    <tr>\n",
              "      <th>2076</th>\n",
              "      <td>28-04-2021</td>\n",
              "      <td>0.291487</td>\n",
              "      <td>232.136673</td>\n",
              "      <td>236.166672</td>\n",
              "      <td>231.199997</td>\n",
              "      <td>231.466659</td>\n",
              "      <td>66813000</td>\n",
              "    </tr>\n",
              "    <tr>\n",
              "      <th>2077</th>\n",
              "      <td>29-04-2021</td>\n",
              "      <td>0.303710</td>\n",
              "      <td>233.169998</td>\n",
              "      <td>234.083328</td>\n",
              "      <td>222.833328</td>\n",
              "      <td>225.666672</td>\n",
              "      <td>86536200</td>\n",
              "    </tr>\n",
              "    <tr>\n",
              "      <th>2078</th>\n",
              "      <td>30-04-2021</td>\n",
              "      <td>0.440678</td>\n",
              "      <td>222.529999</td>\n",
              "      <td>238.490005</td>\n",
              "      <td>222.046661</td>\n",
              "      <td>236.479996</td>\n",
              "      <td>122276100</td>\n",
              "    </tr>\n",
              "  </tbody>\n",
              "</table>\n",
              "<p>2079 rows × 7 columns</p>\n",
              "</div>\n",
              "    <div class=\"colab-df-buttons\">\n",
              "\n",
              "  <div class=\"colab-df-container\">\n",
              "    <button class=\"colab-df-convert\" onclick=\"convertToInteractive('df-cf3f4a4a-e681-42d0-a7aa-3104f1f07bca')\"\n",
              "            title=\"Convert this dataframe to an interactive table.\"\n",
              "            style=\"display:none;\">\n",
              "\n",
              "  <svg xmlns=\"http://www.w3.org/2000/svg\" height=\"24px\" viewBox=\"0 -960 960 960\">\n",
              "    <path d=\"M120-120v-720h720v720H120Zm60-500h600v-160H180v160Zm220 220h160v-160H400v160Zm0 220h160v-160H400v160ZM180-400h160v-160H180v160Zm440 0h160v-160H620v160ZM180-180h160v-160H180v160Zm440 0h160v-160H620v160Z\"/>\n",
              "  </svg>\n",
              "    </button>\n",
              "\n",
              "  <style>\n",
              "    .colab-df-container {\n",
              "      display:flex;\n",
              "      gap: 12px;\n",
              "    }\n",
              "\n",
              "    .colab-df-convert {\n",
              "      background-color: #E8F0FE;\n",
              "      border: none;\n",
              "      border-radius: 50%;\n",
              "      cursor: pointer;\n",
              "      display: none;\n",
              "      fill: #1967D2;\n",
              "      height: 32px;\n",
              "      padding: 0 0 0 0;\n",
              "      width: 32px;\n",
              "    }\n",
              "\n",
              "    .colab-df-convert:hover {\n",
              "      background-color: #E2EBFA;\n",
              "      box-shadow: 0px 1px 2px rgba(60, 64, 67, 0.3), 0px 1px 3px 1px rgba(60, 64, 67, 0.15);\n",
              "      fill: #174EA6;\n",
              "    }\n",
              "\n",
              "    .colab-df-buttons div {\n",
              "      margin-bottom: 4px;\n",
              "    }\n",
              "\n",
              "    [theme=dark] .colab-df-convert {\n",
              "      background-color: #3B4455;\n",
              "      fill: #D2E3FC;\n",
              "    }\n",
              "\n",
              "    [theme=dark] .colab-df-convert:hover {\n",
              "      background-color: #434B5C;\n",
              "      box-shadow: 0px 1px 3px 1px rgba(0, 0, 0, 0.15);\n",
              "      filter: drop-shadow(0px 1px 2px rgba(0, 0, 0, 0.3));\n",
              "      fill: #FFFFFF;\n",
              "    }\n",
              "  </style>\n",
              "\n",
              "    <script>\n",
              "      const buttonEl =\n",
              "        document.querySelector('#df-cf3f4a4a-e681-42d0-a7aa-3104f1f07bca button.colab-df-convert');\n",
              "      buttonEl.style.display =\n",
              "        google.colab.kernel.accessAllowed ? 'block' : 'none';\n",
              "\n",
              "      async function convertToInteractive(key) {\n",
              "        const element = document.querySelector('#df-cf3f4a4a-e681-42d0-a7aa-3104f1f07bca');\n",
              "        const dataTable =\n",
              "          await google.colab.kernel.invokeFunction('convertToInteractive',\n",
              "                                                    [key], {});\n",
              "        if (!dataTable) return;\n",
              "\n",
              "        const docLinkHtml = 'Like what you see? Visit the ' +\n",
              "          '<a target=\"_blank\" href=https://colab.research.google.com/notebooks/data_table.ipynb>data table notebook</a>'\n",
              "          + ' to learn more about interactive tables.';\n",
              "        element.innerHTML = '';\n",
              "        dataTable['output_type'] = 'display_data';\n",
              "        await google.colab.output.renderOutput(dataTable, element);\n",
              "        const docLink = document.createElement('div');\n",
              "        docLink.innerHTML = docLinkHtml;\n",
              "        element.appendChild(docLink);\n",
              "      }\n",
              "    </script>\n",
              "  </div>\n",
              "\n",
              "\n",
              "<div id=\"df-65c29599-cd65-4d23-834e-7f077175bd10\">\n",
              "  <button class=\"colab-df-quickchart\" onclick=\"quickchart('df-65c29599-cd65-4d23-834e-7f077175bd10')\"\n",
              "            title=\"Suggest charts.\"\n",
              "            style=\"display:none;\">\n",
              "\n",
              "<svg xmlns=\"http://www.w3.org/2000/svg\" height=\"24px\"viewBox=\"0 0 24 24\"\n",
              "     width=\"24px\">\n",
              "    <g>\n",
              "        <path d=\"M19 3H5c-1.1 0-2 .9-2 2v14c0 1.1.9 2 2 2h14c1.1 0 2-.9 2-2V5c0-1.1-.9-2-2-2zM9 17H7v-7h2v7zm4 0h-2V7h2v10zm4 0h-2v-4h2v4z\"/>\n",
              "    </g>\n",
              "</svg>\n",
              "  </button>\n",
              "\n",
              "<style>\n",
              "  .colab-df-quickchart {\n",
              "      --bg-color: #E8F0FE;\n",
              "      --fill-color: #1967D2;\n",
              "      --hover-bg-color: #E2EBFA;\n",
              "      --hover-fill-color: #174EA6;\n",
              "      --disabled-fill-color: #AAA;\n",
              "      --disabled-bg-color: #DDD;\n",
              "  }\n",
              "\n",
              "  [theme=dark] .colab-df-quickchart {\n",
              "      --bg-color: #3B4455;\n",
              "      --fill-color: #D2E3FC;\n",
              "      --hover-bg-color: #434B5C;\n",
              "      --hover-fill-color: #FFFFFF;\n",
              "      --disabled-bg-color: #3B4455;\n",
              "      --disabled-fill-color: #666;\n",
              "  }\n",
              "\n",
              "  .colab-df-quickchart {\n",
              "    background-color: var(--bg-color);\n",
              "    border: none;\n",
              "    border-radius: 50%;\n",
              "    cursor: pointer;\n",
              "    display: none;\n",
              "    fill: var(--fill-color);\n",
              "    height: 32px;\n",
              "    padding: 0;\n",
              "    width: 32px;\n",
              "  }\n",
              "\n",
              "  .colab-df-quickchart:hover {\n",
              "    background-color: var(--hover-bg-color);\n",
              "    box-shadow: 0 1px 2px rgba(60, 64, 67, 0.3), 0 1px 3px 1px rgba(60, 64, 67, 0.15);\n",
              "    fill: var(--button-hover-fill-color);\n",
              "  }\n",
              "\n",
              "  .colab-df-quickchart-complete:disabled,\n",
              "  .colab-df-quickchart-complete:disabled:hover {\n",
              "    background-color: var(--disabled-bg-color);\n",
              "    fill: var(--disabled-fill-color);\n",
              "    box-shadow: none;\n",
              "  }\n",
              "\n",
              "  .colab-df-spinner {\n",
              "    border: 2px solid var(--fill-color);\n",
              "    border-color: transparent;\n",
              "    border-bottom-color: var(--fill-color);\n",
              "    animation:\n",
              "      spin 1s steps(1) infinite;\n",
              "  }\n",
              "\n",
              "  @keyframes spin {\n",
              "    0% {\n",
              "      border-color: transparent;\n",
              "      border-bottom-color: var(--fill-color);\n",
              "      border-left-color: var(--fill-color);\n",
              "    }\n",
              "    20% {\n",
              "      border-color: transparent;\n",
              "      border-left-color: var(--fill-color);\n",
              "      border-top-color: var(--fill-color);\n",
              "    }\n",
              "    30% {\n",
              "      border-color: transparent;\n",
              "      border-left-color: var(--fill-color);\n",
              "      border-top-color: var(--fill-color);\n",
              "      border-right-color: var(--fill-color);\n",
              "    }\n",
              "    40% {\n",
              "      border-color: transparent;\n",
              "      border-right-color: var(--fill-color);\n",
              "      border-top-color: var(--fill-color);\n",
              "    }\n",
              "    60% {\n",
              "      border-color: transparent;\n",
              "      border-right-color: var(--fill-color);\n",
              "    }\n",
              "    80% {\n",
              "      border-color: transparent;\n",
              "      border-right-color: var(--fill-color);\n",
              "      border-bottom-color: var(--fill-color);\n",
              "    }\n",
              "    90% {\n",
              "      border-color: transparent;\n",
              "      border-bottom-color: var(--fill-color);\n",
              "    }\n",
              "  }\n",
              "</style>\n",
              "\n",
              "  <script>\n",
              "    async function quickchart(key) {\n",
              "      const quickchartButtonEl =\n",
              "        document.querySelector('#' + key + ' button');\n",
              "      quickchartButtonEl.disabled = true;  // To prevent multiple clicks.\n",
              "      quickchartButtonEl.classList.add('colab-df-spinner');\n",
              "      try {\n",
              "        const charts = await google.colab.kernel.invokeFunction(\n",
              "            'suggestCharts', [key], {});\n",
              "      } catch (error) {\n",
              "        console.error('Error during call to suggestCharts:', error);\n",
              "      }\n",
              "      quickchartButtonEl.classList.remove('colab-df-spinner');\n",
              "      quickchartButtonEl.classList.add('colab-df-quickchart-complete');\n",
              "    }\n",
              "    (() => {\n",
              "      let quickchartButtonEl =\n",
              "        document.querySelector('#df-65c29599-cd65-4d23-834e-7f077175bd10 button');\n",
              "      quickchartButtonEl.style.display =\n",
              "        google.colab.kernel.accessAllowed ? 'block' : 'none';\n",
              "    })();\n",
              "  </script>\n",
              "</div>\n",
              "    </div>\n",
              "  </div>\n"
            ]
          },
          "metadata": {},
          "execution_count": 1
        }
      ],
      "source": [
        "import pandas as pd\n",
        "df = pd.read_csv('stock_data.csv')\n",
        "df"
      ]
    },
    {
      "cell_type": "code",
      "source": [
        "df.info()"
      ],
      "metadata": {
        "colab": {
          "base_uri": "https://localhost:8080/"
        },
        "id": "kjuBFK6_DXnn",
        "outputId": "7b4eca95-6912-4900-c001-3138b5a54668"
      },
      "execution_count": null,
      "outputs": [
        {
          "output_type": "stream",
          "name": "stdout",
          "text": [
            "<class 'pandas.core.frame.DataFrame'>\n",
            "RangeIndex: 2079 entries, 0 to 2078\n",
            "Data columns (total 7 columns):\n",
            " #   Column     Non-Null Count  Dtype  \n",
            "---  ------     --------------  -----  \n",
            " 0   Date       2079 non-null   object \n",
            " 1   Sentiment  2079 non-null   float64\n",
            " 2   Open       2079 non-null   float64\n",
            " 3   High       2079 non-null   float64\n",
            " 4   Low        2079 non-null   float64\n",
            " 5   Close      2079 non-null   float64\n",
            " 6   Volume     2079 non-null   int64  \n",
            "dtypes: float64(5), int64(1), object(1)\n",
            "memory usage: 113.8+ KB\n"
          ]
        }
      ]
    },
    {
      "cell_type": "code",
      "source": [
        "import pandas as pd\n",
        "df['Date'] = pd.to_datetime(df['Date'], format='%d-%m-%Y')\n",
        "df"
      ],
      "metadata": {
        "colab": {
          "base_uri": "https://localhost:8080/",
          "height": 424
        },
        "id": "XGdhY1WR4dPo",
        "outputId": "8a9f1a15-7458-4010-d061-1937c062b5c8"
      },
      "execution_count": null,
      "outputs": [
        {
          "output_type": "execute_result",
          "data": {
            "text/plain": [
              "           Date  Sentiment        Open        High         Low       Close  \\\n",
              "0    2013-01-29   0.505748    2.540000    2.562667    2.475333    2.530000   \n",
              "1    2013-01-30   0.505748    2.523333    2.533333    2.495333    2.501333   \n",
              "2    2013-01-31   0.505748    2.524667    2.524667    2.462000    2.500667   \n",
              "3    2013-02-01   0.505748    2.544667    2.566667    2.508000    2.553333   \n",
              "4    2013-02-04   0.503098    2.560000    2.561333    2.506000    2.516000   \n",
              "...         ...        ...         ...         ...         ...         ...   \n",
              "2074 2021-04-26   0.701331  247.000000  249.766663  244.203339  246.066666   \n",
              "2075 2021-04-27   0.587037  239.320007  241.333328  234.449997  234.913330   \n",
              "2076 2021-04-28   0.291487  232.136673  236.166672  231.199997  231.466659   \n",
              "2077 2021-04-29   0.303710  233.169998  234.083328  222.833328  225.666672   \n",
              "2078 2021-04-30   0.440678  222.529999  238.490005  222.046661  236.479996   \n",
              "\n",
              "         Volume  \n",
              "0      21399000  \n",
              "1      14521500  \n",
              "2      13521000  \n",
              "3      16509000  \n",
              "4      16920000  \n",
              "...         ...  \n",
              "2074   93115500  \n",
              "2075   88311000  \n",
              "2076   66813000  \n",
              "2077   86536200  \n",
              "2078  122276100  \n",
              "\n",
              "[2079 rows x 7 columns]"
            ],
            "text/html": [
              "\n",
              "  <div id=\"df-19007c70-ea29-4dbf-a763-11766fd6ab87\" class=\"colab-df-container\">\n",
              "    <div>\n",
              "<style scoped>\n",
              "    .dataframe tbody tr th:only-of-type {\n",
              "        vertical-align: middle;\n",
              "    }\n",
              "\n",
              "    .dataframe tbody tr th {\n",
              "        vertical-align: top;\n",
              "    }\n",
              "\n",
              "    .dataframe thead th {\n",
              "        text-align: right;\n",
              "    }\n",
              "</style>\n",
              "<table border=\"1\" class=\"dataframe\">\n",
              "  <thead>\n",
              "    <tr style=\"text-align: right;\">\n",
              "      <th></th>\n",
              "      <th>Date</th>\n",
              "      <th>Sentiment</th>\n",
              "      <th>Open</th>\n",
              "      <th>High</th>\n",
              "      <th>Low</th>\n",
              "      <th>Close</th>\n",
              "      <th>Volume</th>\n",
              "    </tr>\n",
              "  </thead>\n",
              "  <tbody>\n",
              "    <tr>\n",
              "      <th>0</th>\n",
              "      <td>2013-01-29</td>\n",
              "      <td>0.505748</td>\n",
              "      <td>2.540000</td>\n",
              "      <td>2.562667</td>\n",
              "      <td>2.475333</td>\n",
              "      <td>2.530000</td>\n",
              "      <td>21399000</td>\n",
              "    </tr>\n",
              "    <tr>\n",
              "      <th>1</th>\n",
              "      <td>2013-01-30</td>\n",
              "      <td>0.505748</td>\n",
              "      <td>2.523333</td>\n",
              "      <td>2.533333</td>\n",
              "      <td>2.495333</td>\n",
              "      <td>2.501333</td>\n",
              "      <td>14521500</td>\n",
              "    </tr>\n",
              "    <tr>\n",
              "      <th>2</th>\n",
              "      <td>2013-01-31</td>\n",
              "      <td>0.505748</td>\n",
              "      <td>2.524667</td>\n",
              "      <td>2.524667</td>\n",
              "      <td>2.462000</td>\n",
              "      <td>2.500667</td>\n",
              "      <td>13521000</td>\n",
              "    </tr>\n",
              "    <tr>\n",
              "      <th>3</th>\n",
              "      <td>2013-02-01</td>\n",
              "      <td>0.505748</td>\n",
              "      <td>2.544667</td>\n",
              "      <td>2.566667</td>\n",
              "      <td>2.508000</td>\n",
              "      <td>2.553333</td>\n",
              "      <td>16509000</td>\n",
              "    </tr>\n",
              "    <tr>\n",
              "      <th>4</th>\n",
              "      <td>2013-02-04</td>\n",
              "      <td>0.503098</td>\n",
              "      <td>2.560000</td>\n",
              "      <td>2.561333</td>\n",
              "      <td>2.506000</td>\n",
              "      <td>2.516000</td>\n",
              "      <td>16920000</td>\n",
              "    </tr>\n",
              "    <tr>\n",
              "      <th>...</th>\n",
              "      <td>...</td>\n",
              "      <td>...</td>\n",
              "      <td>...</td>\n",
              "      <td>...</td>\n",
              "      <td>...</td>\n",
              "      <td>...</td>\n",
              "      <td>...</td>\n",
              "    </tr>\n",
              "    <tr>\n",
              "      <th>2074</th>\n",
              "      <td>2021-04-26</td>\n",
              "      <td>0.701331</td>\n",
              "      <td>247.000000</td>\n",
              "      <td>249.766663</td>\n",
              "      <td>244.203339</td>\n",
              "      <td>246.066666</td>\n",
              "      <td>93115500</td>\n",
              "    </tr>\n",
              "    <tr>\n",
              "      <th>2075</th>\n",
              "      <td>2021-04-27</td>\n",
              "      <td>0.587037</td>\n",
              "      <td>239.320007</td>\n",
              "      <td>241.333328</td>\n",
              "      <td>234.449997</td>\n",
              "      <td>234.913330</td>\n",
              "      <td>88311000</td>\n",
              "    </tr>\n",
              "    <tr>\n",
              "      <th>2076</th>\n",
              "      <td>2021-04-28</td>\n",
              "      <td>0.291487</td>\n",
              "      <td>232.136673</td>\n",
              "      <td>236.166672</td>\n",
              "      <td>231.199997</td>\n",
              "      <td>231.466659</td>\n",
              "      <td>66813000</td>\n",
              "    </tr>\n",
              "    <tr>\n",
              "      <th>2077</th>\n",
              "      <td>2021-04-29</td>\n",
              "      <td>0.303710</td>\n",
              "      <td>233.169998</td>\n",
              "      <td>234.083328</td>\n",
              "      <td>222.833328</td>\n",
              "      <td>225.666672</td>\n",
              "      <td>86536200</td>\n",
              "    </tr>\n",
              "    <tr>\n",
              "      <th>2078</th>\n",
              "      <td>2021-04-30</td>\n",
              "      <td>0.440678</td>\n",
              "      <td>222.529999</td>\n",
              "      <td>238.490005</td>\n",
              "      <td>222.046661</td>\n",
              "      <td>236.479996</td>\n",
              "      <td>122276100</td>\n",
              "    </tr>\n",
              "  </tbody>\n",
              "</table>\n",
              "<p>2079 rows × 7 columns</p>\n",
              "</div>\n",
              "    <div class=\"colab-df-buttons\">\n",
              "\n",
              "  <div class=\"colab-df-container\">\n",
              "    <button class=\"colab-df-convert\" onclick=\"convertToInteractive('df-19007c70-ea29-4dbf-a763-11766fd6ab87')\"\n",
              "            title=\"Convert this dataframe to an interactive table.\"\n",
              "            style=\"display:none;\">\n",
              "\n",
              "  <svg xmlns=\"http://www.w3.org/2000/svg\" height=\"24px\" viewBox=\"0 -960 960 960\">\n",
              "    <path d=\"M120-120v-720h720v720H120Zm60-500h600v-160H180v160Zm220 220h160v-160H400v160Zm0 220h160v-160H400v160ZM180-400h160v-160H180v160Zm440 0h160v-160H620v160ZM180-180h160v-160H180v160Zm440 0h160v-160H620v160Z\"/>\n",
              "  </svg>\n",
              "    </button>\n",
              "\n",
              "  <style>\n",
              "    .colab-df-container {\n",
              "      display:flex;\n",
              "      gap: 12px;\n",
              "    }\n",
              "\n",
              "    .colab-df-convert {\n",
              "      background-color: #E8F0FE;\n",
              "      border: none;\n",
              "      border-radius: 50%;\n",
              "      cursor: pointer;\n",
              "      display: none;\n",
              "      fill: #1967D2;\n",
              "      height: 32px;\n",
              "      padding: 0 0 0 0;\n",
              "      width: 32px;\n",
              "    }\n",
              "\n",
              "    .colab-df-convert:hover {\n",
              "      background-color: #E2EBFA;\n",
              "      box-shadow: 0px 1px 2px rgba(60, 64, 67, 0.3), 0px 1px 3px 1px rgba(60, 64, 67, 0.15);\n",
              "      fill: #174EA6;\n",
              "    }\n",
              "\n",
              "    .colab-df-buttons div {\n",
              "      margin-bottom: 4px;\n",
              "    }\n",
              "\n",
              "    [theme=dark] .colab-df-convert {\n",
              "      background-color: #3B4455;\n",
              "      fill: #D2E3FC;\n",
              "    }\n",
              "\n",
              "    [theme=dark] .colab-df-convert:hover {\n",
              "      background-color: #434B5C;\n",
              "      box-shadow: 0px 1px 3px 1px rgba(0, 0, 0, 0.15);\n",
              "      filter: drop-shadow(0px 1px 2px rgba(0, 0, 0, 0.3));\n",
              "      fill: #FFFFFF;\n",
              "    }\n",
              "  </style>\n",
              "\n",
              "    <script>\n",
              "      const buttonEl =\n",
              "        document.querySelector('#df-19007c70-ea29-4dbf-a763-11766fd6ab87 button.colab-df-convert');\n",
              "      buttonEl.style.display =\n",
              "        google.colab.kernel.accessAllowed ? 'block' : 'none';\n",
              "\n",
              "      async function convertToInteractive(key) {\n",
              "        const element = document.querySelector('#df-19007c70-ea29-4dbf-a763-11766fd6ab87');\n",
              "        const dataTable =\n",
              "          await google.colab.kernel.invokeFunction('convertToInteractive',\n",
              "                                                    [key], {});\n",
              "        if (!dataTable) return;\n",
              "\n",
              "        const docLinkHtml = 'Like what you see? Visit the ' +\n",
              "          '<a target=\"_blank\" href=https://colab.research.google.com/notebooks/data_table.ipynb>data table notebook</a>'\n",
              "          + ' to learn more about interactive tables.';\n",
              "        element.innerHTML = '';\n",
              "        dataTable['output_type'] = 'display_data';\n",
              "        await google.colab.output.renderOutput(dataTable, element);\n",
              "        const docLink = document.createElement('div');\n",
              "        docLink.innerHTML = docLinkHtml;\n",
              "        element.appendChild(docLink);\n",
              "      }\n",
              "    </script>\n",
              "  </div>\n",
              "\n",
              "\n",
              "<div id=\"df-99a1c3a2-ba2b-4352-8b73-b05b696d66ec\">\n",
              "  <button class=\"colab-df-quickchart\" onclick=\"quickchart('df-99a1c3a2-ba2b-4352-8b73-b05b696d66ec')\"\n",
              "            title=\"Suggest charts.\"\n",
              "            style=\"display:none;\">\n",
              "\n",
              "<svg xmlns=\"http://www.w3.org/2000/svg\" height=\"24px\"viewBox=\"0 0 24 24\"\n",
              "     width=\"24px\">\n",
              "    <g>\n",
              "        <path d=\"M19 3H5c-1.1 0-2 .9-2 2v14c0 1.1.9 2 2 2h14c1.1 0 2-.9 2-2V5c0-1.1-.9-2-2-2zM9 17H7v-7h2v7zm4 0h-2V7h2v10zm4 0h-2v-4h2v4z\"/>\n",
              "    </g>\n",
              "</svg>\n",
              "  </button>\n",
              "\n",
              "<style>\n",
              "  .colab-df-quickchart {\n",
              "      --bg-color: #E8F0FE;\n",
              "      --fill-color: #1967D2;\n",
              "      --hover-bg-color: #E2EBFA;\n",
              "      --hover-fill-color: #174EA6;\n",
              "      --disabled-fill-color: #AAA;\n",
              "      --disabled-bg-color: #DDD;\n",
              "  }\n",
              "\n",
              "  [theme=dark] .colab-df-quickchart {\n",
              "      --bg-color: #3B4455;\n",
              "      --fill-color: #D2E3FC;\n",
              "      --hover-bg-color: #434B5C;\n",
              "      --hover-fill-color: #FFFFFF;\n",
              "      --disabled-bg-color: #3B4455;\n",
              "      --disabled-fill-color: #666;\n",
              "  }\n",
              "\n",
              "  .colab-df-quickchart {\n",
              "    background-color: var(--bg-color);\n",
              "    border: none;\n",
              "    border-radius: 50%;\n",
              "    cursor: pointer;\n",
              "    display: none;\n",
              "    fill: var(--fill-color);\n",
              "    height: 32px;\n",
              "    padding: 0;\n",
              "    width: 32px;\n",
              "  }\n",
              "\n",
              "  .colab-df-quickchart:hover {\n",
              "    background-color: var(--hover-bg-color);\n",
              "    box-shadow: 0 1px 2px rgba(60, 64, 67, 0.3), 0 1px 3px 1px rgba(60, 64, 67, 0.15);\n",
              "    fill: var(--button-hover-fill-color);\n",
              "  }\n",
              "\n",
              "  .colab-df-quickchart-complete:disabled,\n",
              "  .colab-df-quickchart-complete:disabled:hover {\n",
              "    background-color: var(--disabled-bg-color);\n",
              "    fill: var(--disabled-fill-color);\n",
              "    box-shadow: none;\n",
              "  }\n",
              "\n",
              "  .colab-df-spinner {\n",
              "    border: 2px solid var(--fill-color);\n",
              "    border-color: transparent;\n",
              "    border-bottom-color: var(--fill-color);\n",
              "    animation:\n",
              "      spin 1s steps(1) infinite;\n",
              "  }\n",
              "\n",
              "  @keyframes spin {\n",
              "    0% {\n",
              "      border-color: transparent;\n",
              "      border-bottom-color: var(--fill-color);\n",
              "      border-left-color: var(--fill-color);\n",
              "    }\n",
              "    20% {\n",
              "      border-color: transparent;\n",
              "      border-left-color: var(--fill-color);\n",
              "      border-top-color: var(--fill-color);\n",
              "    }\n",
              "    30% {\n",
              "      border-color: transparent;\n",
              "      border-left-color: var(--fill-color);\n",
              "      border-top-color: var(--fill-color);\n",
              "      border-right-color: var(--fill-color);\n",
              "    }\n",
              "    40% {\n",
              "      border-color: transparent;\n",
              "      border-right-color: var(--fill-color);\n",
              "      border-top-color: var(--fill-color);\n",
              "    }\n",
              "    60% {\n",
              "      border-color: transparent;\n",
              "      border-right-color: var(--fill-color);\n",
              "    }\n",
              "    80% {\n",
              "      border-color: transparent;\n",
              "      border-right-color: var(--fill-color);\n",
              "      border-bottom-color: var(--fill-color);\n",
              "    }\n",
              "    90% {\n",
              "      border-color: transparent;\n",
              "      border-bottom-color: var(--fill-color);\n",
              "    }\n",
              "  }\n",
              "</style>\n",
              "\n",
              "  <script>\n",
              "    async function quickchart(key) {\n",
              "      const quickchartButtonEl =\n",
              "        document.querySelector('#' + key + ' button');\n",
              "      quickchartButtonEl.disabled = true;  // To prevent multiple clicks.\n",
              "      quickchartButtonEl.classList.add('colab-df-spinner');\n",
              "      try {\n",
              "        const charts = await google.colab.kernel.invokeFunction(\n",
              "            'suggestCharts', [key], {});\n",
              "      } catch (error) {\n",
              "        console.error('Error during call to suggestCharts:', error);\n",
              "      }\n",
              "      quickchartButtonEl.classList.remove('colab-df-spinner');\n",
              "      quickchartButtonEl.classList.add('colab-df-quickchart-complete');\n",
              "    }\n",
              "    (() => {\n",
              "      let quickchartButtonEl =\n",
              "        document.querySelector('#df-99a1c3a2-ba2b-4352-8b73-b05b696d66ec button');\n",
              "      quickchartButtonEl.style.display =\n",
              "        google.colab.kernel.accessAllowed ? 'block' : 'none';\n",
              "    })();\n",
              "  </script>\n",
              "</div>\n",
              "    </div>\n",
              "  </div>\n"
            ]
          },
          "metadata": {},
          "execution_count": 3
        }
      ]
    },
    {
      "cell_type": "code",
      "source": [
        "numerical_columns = ['Open', 'High', 'Low', 'Close', 'Volume','Sentiment']\n",
        "df[numerical_columns] = df[numerical_columns].fillna(df[numerical_columns].mean())\n",
        "df\n"
      ],
      "metadata": {
        "colab": {
          "base_uri": "https://localhost:8080/",
          "height": 424
        },
        "id": "sOLV-ugDCGHj",
        "outputId": "d7b861e5-7827-4c73-e4ae-cdea99fee72e"
      },
      "execution_count": null,
      "outputs": [
        {
          "output_type": "execute_result",
          "data": {
            "text/plain": [
              "           Date  Sentiment        Open        High         Low       Close  \\\n",
              "0    2013-01-29   0.505748    2.540000    2.562667    2.475333    2.530000   \n",
              "1    2013-01-30   0.505748    2.523333    2.533333    2.495333    2.501333   \n",
              "2    2013-01-31   0.505748    2.524667    2.524667    2.462000    2.500667   \n",
              "3    2013-02-01   0.505748    2.544667    2.566667    2.508000    2.553333   \n",
              "4    2013-02-04   0.503098    2.560000    2.561333    2.506000    2.516000   \n",
              "...         ...        ...         ...         ...         ...         ...   \n",
              "2074 2021-04-26   0.701331  247.000000  249.766663  244.203339  246.066666   \n",
              "2075 2021-04-27   0.587037  239.320007  241.333328  234.449997  234.913330   \n",
              "2076 2021-04-28   0.291487  232.136673  236.166672  231.199997  231.466659   \n",
              "2077 2021-04-29   0.303710  233.169998  234.083328  222.833328  225.666672   \n",
              "2078 2021-04-30   0.440678  222.529999  238.490005  222.046661  236.479996   \n",
